370310026750054|09|2031|0000
370310026386643|05|2025|0000
370310024586344|11|2030|0000
370310028341332|05|2027|0000
370310021032581|04|2026|0000
370310028868656|12|2024|0000
370310021165811|02|2028|0000
370310020444415|10|2027|0000
370310026812755|07|2028|0000
370310025854667|12|2031|0000
370310021053843|04|2030|0000
370310024824042|12|2030|0000
370310020541202|06|2029|0000
370310024511326|04|2027|0000
370310025508578|10|2028|0000
370310025536645|09|2028|0000
370310024848017|07|2031|0000
370310026738836|11|2030|0000
370310021268862|04|2027|0000
370310027318208|09|2027|0000
370310024767381|01|2031|0000
370310021024117|06|2032|0000
370310020013871|01|2024|0000
370310024754652|04|2029|0000
370310024331477|12|2028|0000
370310025424123|11|2030|0000
370310028185457|02|2027|0000
370310026115241|06|2031|0000
370310025678215|10|2028|0000
370310021721266|04|2032|0000
370310024426277|09|2026|0000
370310020168311|04|2028|0000
370310023555423|01|2024|0000
370310020634148|11|2026|0000
370310024551611|10|2030|0000
370310020570821|05|2028|0000
370310026526850|10|2031|0000
370310020002874|02|2029|0000
370310024556867|12|2026|0000
370310022470855|12|2024|0000
370310021106831|07|2030|0000
370310023742757|03|2027|0000
370310026525860|10|2032|0000
370310020206137|11|2028|0000
370310021870782|06|2024|0000
370310024411782|08|2027|0000
370310026130778|11|2030|0000
370310023733277|04|2030|0000
370310023526143|05|2029|0000
370310026713425|04|2025|0000
370310028760218|11|2028|0000
370310026027818|02|2027|0000
370310023613370|02|2025|0000
370310027672075|06|2032|0000
370310022437615|10|2029|0000
370310023358182|10|2024|0000
370310024817434|12|2024|0000
370310021563882|01|2026|0000
370310027502348|08|2025|0000
370310024815230|03|2031|0000
370310021847764|01|2030|0000
370310026335575|06|2027|0000
370310022883883|06|2030|0000
370310020762204|03|2031|0000
370310022327360|11|2028|0000
370310027557011|02|2029|0000
370310020688250|03|2031|0000
370310022323104|08|2027|0000
370310028612815|01|2030|0000
370310026405758|06|2024|0000
370310027411623|10|2025|0000
370310028162613|01|2026|0000
370310023755056|04|2024|0000
370310024738234|07|2029|0000
370310026106448|01|2024|0000
370310024562501|11|2028|0000
370310022543420|10|2029|0000
370310020424516|08|2032|0000
370310027202485|11|2032|0000
370310026451216|05|2025|0000
370310021557728|09|2030|0000
370310026336128|12|2026|0000
370310026140124|02|2031|0000
370310027288641|06|2028|0000
370310026072368|12|2029|0000
370310026837042|02|2028|0000
370310023585800|04|2030|0000
370310026621578|06|2024|0000
370310028356272|09|2029|0000
370310023765170|02|2026|0000
370310024638814|07|2028|0000
370310020157868|09|2028|0000
370310020150632|12|2030|0000
370310027151583|10|2030|0000
370310021550814|03|2024|0000
370310021837427|06|2028|0000
370310024853082|01|2030|0000
370310028650088|12|2029|0000
370310022560838|03|2031|0000
370310020486325|11|2028|0000
370310024883246|08|2028|0000
370310022087618|01|2031|0000
370310023131373|02|2032|0000
370310023204204|12|2026|0000
370310025231304|09|2025|0000
370310028755135|06|2029|0000
370310024536513|12|2032|0000
370310023384634|03|2024|0000
370310025143301|08|2026|0000
370310025356358|03|2027|0000
370310025624425|05|2031|0000
370310021056127|10|2024|0000
370310024837234|05|2024|0000
370310020157751|09|2030|0000
370310023862225|05|2030|0000
370310021765735|09|2031|0000
370310025033304|09|2029|0000
370310027826150|03|2028|0000
370310021405571|01|2024|0000
370310025137121|05|2027|0000
370310021540666|12|2030|0000
370310024135233|02|2032|0000
370310025130084|11|2029|0000
370310025164877|10|2032|0000
370310026153770|03|2030|0000
370310028117138|05|2029|0000
370310022135433|06|2024|0000
370310020484023|04|2026|0000
370310026323043|07|2029|0000
370310024873015|08|2025|0000
370310023878254|08|2027|0000
370310025201471|04|2032|0000
370310021148528|02|2025|0000
370310020406117|02|2026|0000
370310020056003|05|2025|0000
370310023685006|02|2030|0000
370310020380288|02|2025|0000
370310020132804|01|2024|0000
370310027232201|11|2027|0000
370310024258662|08|2025|0000
370310020016262|07|2025|0000
370310021225631|01|2027|0000
370310025580221|08|2028|0000
370310023782605|08|2026|0000
370310023723484|04|2031|0000
370310021854158|06|2031|0000
370310024578861|11|2027|0000
370310021511634|11|2024|0000
370310026478714|06|2027|0000
370310023322675|09|2028|0000
370310028664055|04|2029|0000
370310021186353|09|2031|0000
370310020113754|12|2028|0000
370310020430778|03|2026|0000
370310025142428|06|2030|0000
370310023434082|09|2030|0000
370310026784376|10|2029|0000
370310020777038|04|2026|0000
370310026618715|04|2025|0000
370310021733501|03|2024|0000
370310022144021|04|2026|0000
370310021010033|07|2025|0000
370310024846581|05|2030|0000
370310021875260|08|2026|0000
370310022001130|09|2032|0000
370310024333135|06|2024|0000
370310021778605|04|2025|0000
370310026088422|04|2026|0000
370310023600641|02|2025|0000
370310024862232|07|2025|0000
370310020002650|01|2029|0000
370310026776018|11|2027|0000
370310024040433|01|2029|0000
370310025587572|12|2030|0000
370310022468537|11|2026|0000
370310026412143|04|2029|0000
370310023766632|04|2026|0000
370310021423178|01|2030|0000
370310027405088|03|2032|0000
370310026271036|08|2032|0000
370310021406348|04|2027|0000
370310022217611|05|2031|0000
370310024887304|09|2026|0000
370310028040041|10|2024|0000
370310028806367|11|2032|0000
370310028157852|07|2028|0000
370310027142665|03|2029|0000
370310028144322|04|2029|0000
370310020752411|09|2024|0000
370310026103726|09|2024|0000
370310025183703|04|2028|0000
370310023145803|11|2026|0000
370310028050404|08|2028|0000
370310026447776|12|2028|0000
370310026656111|01|2032|0000
370310025501888|02|2029|0000
370310020271057|01|2026|0000
370310024556420|07|2030|0000
370310028013204|07|2025|0000
370310024222031|11|2030|0000
370310024180825|07|2029|0000
370310022625573|10|2025|0000
370310025005237|02|2031|0000
370310023384386|08|2024|0000
370310026105234|06|2027|0000
370310023260107|04|2031|0000
370310020431214|05|2026|0000
370310024204328|12|2029|0000
370310021405134|07|2031|0000
370310025417275|12|2028|0000
370310023711638|12|2025|0000
370310026076658|12|2031|0000
370310023180685|01|2028|0000
370310028788458|12|2025|0000
370310023301661|02|2032|0000
370310025115234|12|2027|0000
370310023413201|10|2030|0000
370310027503668|06|2027|0000
370310024750353|10|2024|0000
370310027307201|07|2031|0000
370310024107380|07|2025|0000
370310022828854|02|2032|0000
370310023087153|02|2032|0000
370310021568048|08|2032|0000
370310028355068|12|2032|0000
370310025842332|04|2024|0000
370310022641760|12|2031|0000
370310020261512|12|2027|0000
370310023403418|09|2031|0000
370310020311077|02|2030|0000
370310023540136|05|2026|0000
370310023625036|07|2031|0000
370310022241835|10|2027|0000
370310024762572|12|2028|0000
370310027707582|02|2030|0000
370310020510520|10|2027|0000
370310026235585|01|2025|0000
370310020666256|01|2029|0000
370310024277712|09|2028|0000
370310028401730|06|2028|0000
370310026285101|02|2025|0000
370310022452358|01|2031|0000
370310028115041|03|2024|0000
370310020256314|01|2029|0000
370310020087701|01|2032|0000
370310028826746|01|2029|0000
370310024847811|04|2028|0000
370310028362817|08|2026|0000
370310021600262|12|2028|0000
370310024402211|02|2027|0000
370310023812725|09|2032|0000
370310026703061|12|2032|0000
370310026403670|01|2024|0000
370310024080363|06|2024|0000
370310027656342|09|2026|0000
370310022156561|11|2025|0000
370310023806867|05|2025|0000
370310026325014|02|2029|0000
370310028627177|12|2032|0000
370310022066463|12|2026|0000
370310026074133|03|2032|0000
370310023667525|05|2027|0000
370310025557104|07|2032|0000
370310026765565|12|2032|0000
370310022771575|02|2028|0000
370310025744082|07|2031|0000
370310028132442|10|2028|0000
370310028245053|12|2025|0000
370310024172335|12|2026|0000
370310020158064|08|2031|0000
370310026848478|10|2032|0000
370310025562385|03|2030|0000
370310027276752|06|2029|0000
370310024267572|10|2028|0000
370310024324332|05|2030|0000
370310028531270|04|2027|0000
370310020345521|03|2024|0000
370310025324133|08|2027|0000
370310023454247|02|2026|0000
370310027443055|12|2027|0000
370310025271813|10|2032|0000
370310022422872|05|2028|0000
370310023232585|06|2025|0000
370310025004032|04|2028|0000
370310022268101|07|2032|0000
370310022332121|02|2025|0000
370310028586381|06|2025|0000
370310026128665|03|2031|0000
370310021680728|08|2028|0000
370310026186101|03|2031|0000
370310022812460|10|2027|0000
370310020877572|07|2031|0000
370310024376605|10|2032|0000
370310025875225|10|2028|0000
370310023664332|11|2030|0000
370310026010764|04|2027|0000
370310026580568|10|2025|0000
370310024737681|08|2025|0000
370310025752358|09|2028|0000
370310021658450|08|2029|0000
370310028121882|02|2024|0000
370310025126017|07|2026|0000
370310025338422|11|2031|0000
370310021723353|05|2025|0000
370310023367001|04|2032|0000
370310027761068|02|2028|0000
370310027482707|05|2028|0000
370310024564028|10|2029|0000
370310020144338|09|2031|0000
370310027242218|06|2029|0000
370310020551334|11|2026|0000
370310021702241|06|2028|0000
370310028537210|06|2027|0000
370310022070127|10|2026|0000
370310024465812|01|2028|0000
370310024847811|09|2032|0000
370310021382168|08|2028|0000
370310027406862|05|2032|0000
370310025474300|05|2030|0000
370310022873082|08|2025|0000
370310027602882|08|2027|0000
370310020844028|05|2029|0000
370310022608538|03|2032|0000
370310028378052|08|2026|0000
370310028865686|01|2029|0000
370310028675846|02|2031|0000
370310022726223|11|2032|0000
370310027001077|10|2026|0000
370310028107808|12|2025|0000
370310023068138|04|2028|0000
370310025552733|12|2024|0000
370310023066363|10|2030|0000
370310028366065|08|2032|0000
370310027825160|10|2028|0000
370310023107266|02|2029|0000
370310020737545|02|2029|0000
370310023664662|04|2026|0000
370310026232061|01|2025|0000
370310026400502|12|2032|0000
370310020247487|05|2026|0000
370310021368415|08|2025|0000
370310021673004|03|2024|0000
370310026138805|01|2026|0000
370310024882032|05|2032|0000
370310025806121|04|2030|0000
370310025108288|05|2024|0000
370310025828125|07|2030|0000
370310027470603|03|2031|0000
370310023425528|07|2024|0000
370310024342367|11|2028|0000
370310022601517|07|2025|0000
370310024744414|08|2032|0000
370310020277211|12|2025|0000
370310022785427|06|2027|0000
370310022885284|09|2025|0000
370310028162043|06|2024|0000
370310022821628|12|2024|0000
370310021668608|11|2029|0000
370310022006162|07|2028|0000
370310024440377|01|2031|0000
370310022276021|11|2031|0000
370310022257765|03|2029|0000
370310028615206|05|2027|0000
370310024681384|03|2030|0000
370310026611348|05|2025|0000
370310020347725|09|2028|0000
370310023312221|04|2024|0000
370310028363344|06|2029|0000
370310027252787|04|2032|0000
370310028573652|05|2029|0000
370310022660588|08|2030|0000
370310026328208|09|2030|0000
370310024641347|02|2027|0000
370310022657618|08|2030|0000
370310026478144|05|2032|0000
370310025317533|10|2029|0000
370310027057418|01|2027|0000
370310024123353|09|2032|0000
370310022742287|01|2027|0000
370310024521556|05|2030|0000
370310025303343|07|2024|0000
370310020472465|06|2032|0000
370310028883176|10|2024|0000
370310024881471|01|2029|0000
370310025100277|08|2028|0000
370310026523238|02|2025|0000
370310020363243|07|2029|0000
370310020386111|06|2029|0000
370310026153770|12|2027|0000
370310026037585|02|2030|0000
370310028611718|07|2027|0000
370310021017517|07|2032|0000
370310024603628|05|2032|0000
370310023401081|04|2025|0000
370310025043865|05|2027|0000
370310020134438|03|2026|0000
370310025086765|06|2025|0000
370310022243245|04|2025|0000
370310022258185|08|2029|0000
370310027440325|10|2024|0000
370310022023456|04|2024|0000
370310026274337|06|2032|0000
370310027548424|02|2032|0000
370310023781615|10|2030|0000
370310027873624|06|2026|0000
370310027676712|08|2031|0000
370310026251012|09|2029|0000
370310023846681|01|2027|0000
370310020536012|04|2025|0000
370310021373258|09|2032|0000
370310026784517|10|2024|0000
370310022355445|11|2024|0000
370310020762188|05|2028|0000
370310026664610|04|2025|0000
370310023516243|04|2031|0000
370310025316543|09|2030|0000
370310021503037|03|2030|0000
370310022384734|03|2024|0000
370310022717206|03|2026|0000
370310022215276|03|2028|0000
370310023356335|10|2026|0000
370310021838300|08|2032|0000
370310025240875|11|2030|0000
370310021001784|03|2027|0000
370310024213782|12|2025|0000
370310025434817|05|2030|0000
370310026707708|01|2028|0000
370310028610835|07|2029|0000
370310023777050|10|2031|0000
370310020810037|02|2030|0000
370310028250368|01|2025|0000
370310020300187|02|2025|0000
370310028122435|03|2026|0000
370310028768005|02|2028|0000
370310023672467|08|2029|0000
370310028275118|01|2030|0000
370310025240214|02|2028|0000
370310022677525|02|2029|0000
370310028003411|08|2027|0000
370310022132463|01|2030|0000
370310023660470|03|2026|0000
370310024132370|03|2029|0000
370310021443218|07|2024|0000
370310028545684|12|2027|0000
370310022763655|11|2024|0000
370310028726854|09|2031|0000
370310026177415|04|2024|0000
370310023186518|05|2027|0000
370310025631701|07|2029|0000
370310028122088|01|2028|0000
370310020662438|08|2028|0000
370310022232578|05|2027|0000
370310026623335|10|2024|0000
370310025081154|04|2024|0000
370310020434051|08|2031|0000
370310026630041|05|2025|0000
370310025121851|06|2024|0000
370310025705034|07|2025|0000
370310023712842|09|2024|0000
370310020537556|08|2027|0000
370310021077024|06|2028|0000
370310020600040|02|2032|0000
370310025655775|10|2029|0000
370310028050100|04|2026|0000
370310021508283|08|2030|0000
370310023445187|04|2030|0000
370310026515341|09|2024|0000
370310027103261|02|2028|0000
370310025775011|06|2032|0000
370310024713153|09|2031|0000
370310020650441|05|2025|0000
370310020687518|08|2027|0000
370310026313036|10|2027|0000
370310025218640|06|2029|0000
370310028503782|10|2032|0000
370310022547033|04|2027|0000
370310023487015|06|2026|0000
370310024664802|10|2031|0000
370310020470261|09|2030|0000
370310025031217|11|2026|0000
370310024360104|07|2024|0000
370310028380405|12|2031|0000
370310027361570|07|2028|0000
370310022012707|06|2030|0000
370310020125741|01|2032|0000
370310025021754|03|2032|0000
370310022255785|04|2028|0000
370310025626842|03|2030|0000
370310024310463|09|2032|0000
370310020451816|12|2025|0000
370310028705742|11|2028|0000
370310028446586|11|2026|0000
370310023134708|08|2024|0000
370310020228248|11|2029|0000
370310025376265|10|2025|0000
370310024512860|12|2025|0000
370310025586608|06|2026|0000
370310026588132|05|2028|0000
370310021426718|11|2026|0000
370310021023564|07|2024|0000
370310028116718|03|2029|0000
370310020668682|02|2024|0000
370310021704221|05|2024|0000
370310021425041|06|2028|0000
370310020436718|04|2030|0000
370310026713862|01|2028|0000
370310027735070|09|2032|0000
370310024718657|06|2025|0000
370310022020510|06|2026|0000
370310020172388|04|2026|0000
370310024053428|11|2028|0000
370310026771852|08|2025|0000
370310024732542|04|2024|0000
370310026423603|12|2030|0000
370310027338008|04|2029|0000
370310025286852|02|2030|0000
370310023534283|03|2026|0000
370310023458305|01|2026|0000
370310022163385|08|2028|0000
370310024455565|06|2024|0000
370310027688451|09|2025|0000
370310025557765|01|2024|0000
370310025204566|02|2025|0000
370310027784524|06|2029|0000
370310025030334|04|2025|0000
370310021475335|06|2029|0000
370310022612845|08|2027|0000
370310022517226|07|2028|0000
370310022028166|01|2026|0000
370310027164800|05|2028|0000
370310022057561|09|2032|0000
370310026625413|09|2026|0000
370310022021617|06|2032|0000
370310023206480|02|2030|0000
370310022225531|12|2024|0000
370310027847271|06|2028|0000
370310028242225|10|2030|0000
370310028611825|10|2024|0000
370310024166501|08|2030|0000
370310027511828|11|2031|0000
370310026660071|04|2029|0000
370310021672675|11|2028|0000
370310025380820|07|2027|0000
370310025828232|08|2030|0000
370310026322516|12|2032|0000
370310026782232|05|2031|0000
370310026645437|10|2031|0000
370310027650758|07|2032|0000
370310027452106|02|2027|0000
370310024455565|10|2029|0000
370310020604661|09|2027|0000
370310020722828|01|2031|0000
370310027181051|09|2030|0000
370310020832825|07|2030|0000
370310026883376|12|2031|0000
370310025312716|10|2030|0000
370310022034685|08|2031|0000
370310027645006|08|2031|0000
370310024651353|03|2024|0000
370310025725263|05|2031|0000
370310022778364|05|2029|0000
370310023764652|02|2031|0000
370310021148056|07|2029|0000
370310020455064|01|2024|0000
370310025610341|02|2028|0000
370310023474617|04|2027|0000
370310023003341|08|2032|0000
370310020650334|09|2031|0000
370310027130801|05|2027|0000
370310021218818|03|2025|0000
370310023134708|01|2024|0000
370310020143785|08|2025|0000
370310020702341|12|2031|0000
370310028051261|02|2027|0000
370310028830474|08|2024|0000
370310026231543|07|2031|0000
370310026545223|08|2029|0000
370310028445042|11|2027|0000
370310025007743|08|2026|0000
370310021870345|12|2032|0000
370310023455665|10|2029|0000
370310023822484|06|2026|0000
370310025073680|07|2027|0000
370310020183401|07|2031|0000
370310020673435|06|2029|0000
370310023686103|07|2026|0000
370310025244158|09|2029|0000
370310028765605|06|2024|0000
370310026177308|01|2028|0000
370310025207288|06|2024|0000
370310020766031|01|2030|0000
370310022036656|08|2032|0000
370310025164083|05|2030|0000
370310020181421|05|2024|0000
370310023120152|03|2026|0000
370310021458844|11|2028|0000
370310020215831|05|2030|0000
370310027358824|01|2025|0000
370310024578077|01|2030|0000
370310021400424|10|2032|0000
370310024480001|07|2026|0000
370310022075738|11|2031|0000
370310023113561|11|2030|0000
370310020263468|05|2029|0000
370310020862285|02|2028|0000
370310021723601|02|2025|0000
370310026412606|08|2031|0000
370310023755635|04|2031|0000
370310021531756|05|2029|0000
370310021266007|11|2027|0000
370310020765470|03|2026|0000
370310020602681|10|2026|0000
370310024141413|10|2030|0000
370310020530312|11|2026|0000
370310028456734|07|2024|0000
370310027485072|07|2025|0000
370310023408672|05|2026|0000
370310020175027|08|2028|0000
370310024578424|11|2025|0000
370310020521634|03|2025|0000
370310028876576|07|2026|0000
370310020314840|09|2026|0000
370310021457382|12|2024|0000
370310026108204|12|2026|0000
370310023225316|06|2032|0000
370310027868202|10|2028|0000
370310025828802|07|2024|0000
370310028463771|10|2031|0000
370310024423886|12|2027|0000
370310026641725|06|2032|0000
370310022140748|06|2028|0000
370310026530514|09|2030|0000
370310023163640|05|2031|0000
370310023084655|07|2032|0000
370310024117850|12|2025|0000
370310026231311|10|2029|0000
370310021325621|01|2027|0000
370310022242585|09|2032|0000
370310023885754|10|2025|0000
370310026271036|07|2029|0000
370310028842586|05|2026|0000
370310023171551|10|2032|0000
370310021011577|03|2032|0000
370310023748564|09|2024|0000
370310027474878|07|2029|0000
370310025720785|04|2032|0000
370310026280847|06|2030|0000
370310022058882|03|2030|0000
370310021821504|04|2030|0000
370310026373774|11|2030|0000
370310027246250|03|2031|0000
370310024725710|07|2031|0000
370310021016055|01|2027|0000
370310023037760|11|2026|0000
370310026503651|02|2032|0000
370310021652651|11|2029|0000
370310024782257|02|2024|0000
370310025651840|10|2026|0000
370310026113626|11|2030|0000
370310021088450|06|2025|0000
370310026172465|11|2024|0000
370310022746700|03|2032|0000
370310022855477|01|2027|0000
370310020447715|11|2025|0000
370310023872232|09|2029|0000
370310025020657|06|2029|0000
370310023831287|04|2031|0000
370310021374587|07|2027|0000
370310021260414|07|2026|0000
370310026038021|12|2031|0000
370310022124338|10|2027|0000
370310022538347|03|2032|0000
370310021605105|10|2028|0000
370310022034131|11|2024|0000
370310021544387|01|2024|0000
370310020743832|01|2024|0000
370310020735002|10|2031|0000
370310028804172|12|2029|0000
370310022655521|01|2032|0000
370310022658582|09|2031|0000
370310028101751|02|2028|0000
370310027325815|05|2031|0000
370310023224228|06|2024|0000
370310020802117|12|2031|0000
370310026842018|12|2026|0000
370310021861765|07|2028|0000
370310023101574|02|2028|0000
370310020688722|12|2029|0000
370310026470133|01|2025|0000
370310020234071|08|2028|0000
370310023725570|03|2030|0000
370310020550013|02|2029|0000
370310020423161|11|2031|0000
370310022336403|05|2029|0000
370310028706518|10|2026|0000
370310027733232|06|2026|0000
370310026001417|06|2029|0000
370310022500305|05|2027|0000
370310028562762|10|2025|0000
370310021276568|02|2028|0000
370310024485257|01|2031|0000
370310027221188|12|2029|0000
370310027250146|02|2032|0000
370310026628722|02|2026|0000
370310021730648|03|2031|0000
370310020565052|08|2031|0000
370310028707722|10|2026|0000
370310024847134|08|2025|0000
370310024513306|09|2024|0000
370310021656041|06|2030|0000
370310022425511|10|2029|0000
370310022537810|05|2024|0000
370310024425857|07|2026|0000
370310025460887|09|2026|0000
370310025210274|05|2031|0000
370310020360264|09|2031|0000
370310023883676|06|2031|0000
370310026276647|11|2030|0000
370310024668522|12|2027|0000
370310027732028|01|2026|0000
370310021825760|03|2026|0000
370310024524287|01|2028|0000
370310023411775|03|2027|0000
370310027772172|04|2027|0000
370310028732605|10|2025|0000
370310027810014|12|2031|0000
370310028257058|06|2026|0000
370310025702858|01|2028|0000
370310025141321|08|2029|0000
370310028051485|05|2029|0000
370310023830867|07|2031|0000
370310028815160|05|2024|0000
370310028275555|12|2029|0000
370310025627477|09|2031|0000
370310022638774|02|2029|0000
370310022556273|03|2027|0000
370310023718757|04|2028|0000
370310027411623|07|2028|0000
370310021145433|09|2026|0000
370310022607316|11|2032|0000
370310028116825|07|2030|0000
370310024170131|03|2025|0000
370310022385467|06|2030|0000
370310023841757|02|2026|0000
370310028680457|10|2027|0000
370310020081654|08|2029|0000
370310027528400|03|2025|0000
370310026325121|11|2024|0000
370310025026811|04|2028|0000
370310027116024|09|2029|0000
370310024137213|04|2027|0000
370310027864466|03|2029|0000
370310026648522|07|2027|0000
370310028403462|07|2032|0000
370310028854006|10|2027|0000
370310021420885|02|2027|0000
370310021235416|02|2026|0000
370310027585632|02|2028|0000
370310024521002|09|2025|0000
370310024468873|01|2031|0000
370310022402288|01|2030|0000
370310028301161|07|2024|0000
370310025386165|05|2028|0000
370310025724852|04|2027|0000
370310024023611|11|2032|0000
370310027370043|10|2027|0000
370310028607260|06|2028|0000
370310020260274|01|2029|0000
370310023214328|02|2030|0000
370310021224188|06|2025|0000
370310027004840|07|2026|0000
370310026275862|04|2025|0000
370310024580073|07|2030|0000
370310028385883|01|2031|0000
370310024112356|07|2031|0000
370310027714075|09|2032|0000
370310023888485|07|2032|0000
370310025882486|07|2027|0000
370310026546320|04|2029|0000
370310020241241|06|2030|0000
370310026200274|09|2030|0000
370310026558655|11|2024|0000
370310024321031|04|2026|0000
370310022356435|11|2029|0000
370310025404430|12|2031|0000
370310020225483|06|2026|0000
370310027807457|09|2026|0000
370310020072646|11|2030|0000
370310022483155|05|2032|0000
370310026777222|04|2027|0000
370310024830213|06|2030|0000
370310024471208|02|2028|0000
370310021311084|11|2028|0000
370310024812153|10|2027|0000
370310028511363|07|2025|0000
370310024458866|10|2027|0000
370310026508353|08|2030|0000
370310023267342|12|2024|0000
370310024562360|11|2025|0000
370310027037618|12|2027|0000
370310023575777|03|2024|0000
370310027074462|09|2032|0000
370310024645405|10|2028|0000
370310027016711|01|2032|0000
370310025426755|10|2026|0000
370310021805416|07|2028|0000
370310022150200|07|2026|0000
370310023473155|07|2026|0000
370310025067385|10|2026|0000
370310020652751|12|2029|0000
370310025666772|06|2028|0000
370310025674362|06|2032|0000
370310023833150|04|2029|0000
370310024062775|06|2026|0000
370310022335066|07|2032|0000
370310024853876|01|2024|0000
370310021044131|12|2027|0000
370310027808018|06|2031|0000
370310025508818|07|2028|0000
370310026562418|12|2025|0000
370310026202361|12|2028|0000
370310023665867|07|2029|0000
370310025204343|04|2027|0000
370310025055414|06|2028|0000
370310025484200|01|2028|0000
370310023085538|07|2025|0000
370310022385715|04|2031|0000
370310020173626|04|2024|0000
370310023285625|12|2026|0000
370310023165363|03|2032|0000
370310024475357|12|2029|0000
370310022118835|07|2024|0000
370310021613034|03|2028|0000
370310026842562|04|2027|0000
370310028483811|07|2027|0000
370310025242855|10|2028|0000
370310023028280|03|2031|0000
370310027853717|12|2028|0000
370310020702341|08|2024|0000
370310027073365|08|2030|0000
370310020005158|12|2030|0000
370310026610811|05|2027|0000
370310020100884|12|2031|0000
370310026446562|05|2032|0000
370310024808284|12|2027|0000
370310026281837|06|2030|0000
370310022834035|10|2029|0000
370310025584405|01|2026|0000
370310023420024|02|2028|0000
370310020641531|06|2025|0000
370310024504735|01|2025|0000
370310025044178|12|2026|0000
370310025732442|11|2025|0000
370310026388376|02|2032|0000
370310021652321|07|2028|0000
370310026252663|02|2025|0000
370310027270730|03|2026|0000
370310026272703|09|2025|0000
370310027620611|12|2026|0000
370310021608273|01|2030|0000
370310028740053|07|2028|0000
370310020140476|11|2027|0000
370310026473103|07|2029|0000
370310021247742|03|2027|0000
370310024062775|11|2026|0000
370310026777776|12|2028|0000
370310022114651|06|2025|0000
370310022124338|09|2030|0000
370310023625713|02|2026|0000
370310023222024|11|2025|0000
370310025760633|04|2027|0000
370310028135403|06|2027|0000
370310028634132|06|2031|0000
370310026625306|02|2028|0000
370310023612166|10|2025|0000
370310025852455|03|2029|0000
370310026022421|08|2024|0000
370310020123878|05|2030|0000
370310022726777|11|2030|0000
370310021660704|04|2025|0000
370310026213616|01|2031|0000
370310022053388|11|2026|0000
370310027505531|05|2032|0000
370310021676742|01|2025|0000
370310024006863|10|2031|0000
370310027612121|04|2032|0000
370310024146784|03|2024|0000
370310021732370|09|2032|0000
370310026405311|09|2030|0000
370310023757367|04|2025|0000
370310024114808|09|2029|0000
370310021785410|02|2025|0000
370310024730884|08|2024|0000
370310028814866|09|2025|0000
370310021113084|10|2026|0000
370310026380472|08|2027|0000
370310022628080|02|2029|0000
370310021608166|02|2031|0000
370310028002868|08|2024|0000
370310026184247|01|2025|0000
370310022718170|03|2031|0000
370310021803007|03|2026|0000
370310023241370|02|2031|0000
370310028334402|08|2030|0000
370310022825884|03|2031|0000
370310026172358|04|2032|0000
370310026373006|03|2027|0000
370310021677153|05|2027|0000
370310027232201|07|2032|0000
370310024142742|06|2026|0000
370310024356672|05|2031|0000
370310025368817|06|2030|0000
370310026131438|03|2027|0000
370310020041500|07|2030|0000
370310021256107|02|2029|0000
370310022052414|02|2029|0000
370310022340504|04|2028|0000
370310027047732|05|2029|0000
370310027762520|07|2028|0000
370310024075850|12|2032|0000
370310023761708|06|2032|0000
370310027022651|09|2029|0000
370310022224658|01|2032|0000
370310028341118|01|2025|0000
370310023600302|01|2024|0000
370310026375647|01|2026|0000
370310021678045|07|2027|0000
370310020356064|10|2031|0000
370310022168004|05|2030|0000
370310027525323|02|2029|0000
370310028153133|10|2031|0000
370310027458574|02|2024|0000
370310026207204|04|2032|0000
370310020773862|07|2032|0000
370310020723578|05|2029|0000
370310020533514|04|2026|0000
370310024707213|07|2028|0000
370310021556480|12|2027|0000
370310023214104|05|2032|0000
370310025385175|12|2025|0000
370310023765303|06|2028|0000
370310026788112|03|2028|0000
370310023204311|01|2028|0000
370310025046470|05|2027|0000
370310020844457|09|2027|0000
370310023575553|04|2026|0000
370310027058275|02|2030|0000
370310026851043|10|2026|0000
370310024584364|07|2025|0000
370310024544103|01|2025|0000
370310023266245|12|2031|0000
370310021441014|11|2028|0000
370310023365575|01|2025|0000
370310023348274|06|2032|0000
370310025453387|09|2030|0000
370310022447267|08|2029|0000
370310022073428|01|2031|0000
370310024873346|11|2026|0000
370310027788343|03|2027|0000
370310027387641|03|2028|0000
370310021581835|10|2024|0000
370310026314240|01|2030|0000
370310021246850|03|2030|0000
370310020734708|09|2025|0000
370310028636087|08|2026|0000
370310025568325|08|2031|0000
370310021403154|01|2026|0000
370310025055281|12|2031|0000
370310024157815|12|2027|0000
370310023163301|03|2027|0000
370310021208231|02|2029|0000
370310028203623|03|2024|0000
370310021033027|12|2026|0000
370310027282503|03|2031|0000
370310025320271|05|2026|0000
370310024883683|12|2026|0000
370310026613872|05|2024|0000
370310026433610|04|2032|0000
370310021244335|08|2029|0000
370310025535076|12|2027|0000
370310027616635|07|2024|0000
370310024071131|06|2030|0000
370310020470154|02|2027|0000
370310024003134|01|2024|0000
370310027328108|11|2030|0000
370310022720853|05|2028|0000
370310027825400|10|2024|0000
370310027625180|01|2026|0000
370310025643342|05|2027|0000
370310023382752|04|2030|0000
370310022317460|09|2028|0000
370310028142011|05|2032|0000
370310025025037|05|2031|0000
370310020478520|07|2027|0000
370310024678174|03|2027|0000
370310023423655|12|2029|0000
370310021124321|10|2024|0000
370310027100200|12|2028|0000
370310028337454|09|2030|0000
370310028165665|06|2028|0000